450.96937320685237
444.1183057268116
464.0246261121869
450.56603611413817
439.9274908398792
447.45841785529757
470.24284163413535
448.4888346832042
471.76162492552766
452.53649234430014
465.4406952575961
469.2680680348583
439.0659673859473
434.0256952012378
459.15555601517264
444.5100300546703
501.1859726032146
458.04298691099706
460.7588164424367
487.29054473141616
469.81691432060614
459.2523015120912
459.1015672545068
453.83819671862926
473.15639943737233
451.86539946602596
480.66488937265444
444.10740647241255
474.06496474457356
446.6893685329795
